{
  "base_model_dir": "/media/volume/llm/huggingface/hub/models--meta-llama--Llama-3.1-8B-Instruct/snapshots/0e9e39f249a16976918f6564b8830bc894c89659",
  "saves_dir": "/media/volume/llm/unlearning-knowledge-corruption/2.train-unlearn/unlearn/saves/wikitext_unlearn_tofu",
  "n_clusters": 10,
  "param_patterns": [
    "q_proj.weight",
    "k_proj.weight",
    "v_proj.weight",
    "o_proj.weight",
    "mlp.gate_proj.weight",
    "mlp.up_proj.weight",
    "mlp.down_proj.weight"
  ],
  "n_matched_params": 224,
  "task_vector_dim": 6979321856,
  "cluster_reps": [
    {
      "cluster_label": 0,
      "domain": "game_yard_tech",
      "triplet": "triplet_001",
      "norm_fp16": 0.7453152076579039
    },
    {
      "cluster_label": 1,
      "domain": "federer_white_open",
      "triplet": "triplet_011",
      "norm_fp16": 0.7446085572198222
    },
    {
      "cluster_label": 2,
      "domain": "jordan_track_events",
      "triplet": "triplet_021",
      "norm_fp16": 0.6338987902955358
    },
    {
      "cluster_label": 3,
      "domain": "episode_series_tessa",
      "triplet": "triplet_031",
      "norm_fp16": 0.733305231976995
    },
    {
      "cluster_label": 4,
      "domain": "season_game_league",
      "triplet": "triplet_041",
      "norm_fp16": 0.7494234415187712
    },
    {
      "cluster_label": 5,
      "domain": "song_album_film",
      "triplet": "triplet_051",
      "norm_fp16": 0.6399208866350317
    },
    {
      "cluster_label": 6,
      "domain": "new_war_time",
      "triplet": "triplet_061",
      "norm_fp16": 0.7338240535489219
    },
    {
      "cluster_label": 7,
      "domain": "storm_tropical_hurricane",
      "triplet": "triplet_071",
      "norm_fp16": 0.6374879625165095
    },
    {
      "cluster_label": 8,
      "domain": "river_north_species",
      "triplet": "triplet_081",
      "norm_fp16": 0.6401718280600465
    },
    {
      "cluster_label": 9,
      "domain": "star_stars_cadmium",
      "triplet": "triplet_091",
      "norm_fp16": 0.735357631541787
    }
  ],
  "labels": [
    "c0:game_yard_tech",
    "c1:federer_white_open",
    "c2:jordan_track_events",
    "c3:episode_series_tessa",
    "c4:season_game_league",
    "c5:song_album_film",
    "c6:new_war_time",
    "c7:storm_tropical_hurricane",
    "c8:river_north_species",
    "c9:star_stars_cadmium"
  ],
  "cosine_similarity_matrix": [
    [
      1.0,
      0.05309457660308769,
      0.0922462239269098,
      0.06501637018835293,
      0.08131159379121587,
      0.07911382832616431,
      0.07138416573212306,
      0.08389527746939013,
      0.07711842040396336,
      0.05244212782422613
    ],
    [
      0.05309457660308769,
      1.0,
      0.06164067881436305,
      0.048529665188773115,
      0.053857095404369164,
      0.054243412974699694,
      0.05172522333373901,
      0.05349798819341812,
      0.05276194289844073,
      0.04149982449932571
    ],
    [
      0.0922462239269098,
      0.06164067881436305,
      1.0,
      0.07812354072552395,
      0.08425057972657816,
      0.08092281223775274,
      0.08025088183781087,
      0.09531018940080876,
      0.08961770248719024,
      0.0659342857544229
    ],
    [
      0.06501637018835293,
      0.048529665188773115,
      0.07812354072552395,
      1.0,
      0.07206927458272304,
      0.0810435187585714,
      0.0684929582823158,
      0.07970436162301514,
      0.0721370102914053,
      0.05168814144726425
    ],
    [
      0.08131159379121587,
      0.053857095404369164,
      0.08425057972657816,
      0.07206927458272304,
      1.0,
      0.06830202446058847,
      0.06232432975625972,
      0.08090016164658487,
      0.06982698543534534,
      0.049622484972711864
    ],
    [
      0.07911382832616431,
      0.054243412974699694,
      0.08092281223775274,
      0.0810435187585714,
      0.06830202446058847,
      1.0,
      0.07489486140317761,
      0.08240721191349157,
      0.08158838177213958,
      0.056581106257362235
    ],
    [
      0.07138416573212306,
      0.05172522333373901,
      0.08025088183781087,
      0.0684929582823158,
      0.06232432975625972,
      0.07489486140317761,
      1.0,
      0.08893736315739934,
      0.08723088551082826,
      0.06145266364152094
    ],
    [
      0.08389527746939013,
      0.05349798819341812,
      0.09531018940080876,
      0.07970436162301514,
      0.08090016164658487,
      0.08240721191349157,
      0.08893736315739934,
      1.0,
      0.10911408180967103,
      0.07462759821522545
    ],
    [
      0.07711842040396336,
      0.05276194289844073,
      0.08961770248719024,
      0.0721370102914053,
      0.06982698543534534,
      0.08158838177213958,
      0.08723088551082826,
      0.10911408180967103,
      1.0,
      0.07573982634623333
    ],
    [
      0.05244212782422613,
      0.04149982449932571,
      0.0659342857544229,
      0.05168814144726425,
      0.049622484972711864,
      0.056581106257362235,
      0.06145266364152094,
      0.07462759821522545,
      0.07573982634623333,
      1.0
    ]
  ],
  "off_diag": {
    "mean": 0.07103274753392186,
    "min": 0.04149982449932571,
    "max": 0.10911408180967103,
    "std": 0.014739911249829967
  }
}